ρ	Permutation_Entropy	Pattern_Probabilities
28.24	0.9595791488786296	0.010050251256281407,0.05628140703517588,0.07738693467336684,0.09447236180904522,0.07939698492462312,0.035175879396984924,0.09447236180904522,0.05829145728643216,0.05628140703517588,0.11557788944723618,0.0371859296482412,0.05829145728643216,0.0914572864321608,0.06030150753768844,0.05728643216080402,0.018090452261306532
28.24	0.95308717065352	0.016080402010050253,0.05025125628140704,0.07236180904522613,0.09045226130653267,0.07839195979899498,0.031155778894472363,0.12060301507537688,0.044221105527638194,0.05025125628140704,0.11256281407035176,0.0371859296482412,0.0743718592964824,0.08442211055276382,0.08040201005025126,0.044221105527638194,0.01306532663316583
28.24	0.9457734589538231	0.006030150753768844,0.05025125628140704,0.062311557788944726,0.09849246231155778,0.05728643216080402,0.03015075376884422,0.11758793969849246,0.0592964824120603,0.05025125628140704,0.11055276381909548,0.02512562814070352,0.07939698492462312,0.10251256281407035,0.0743718592964824,0.0592964824120603,0.017085427135678392
28.24	0.9495792012698937	0.01407035175879397,0.06030150753768844,0.0763819095477387,0.09346733668341708,0.07939698492462312,0.02512562814070352,0.10854271356783919,0.053266331658291456,0.06030150753768844,0.11055276381909548,0.027135678391959798,0.06834170854271357,0.0914572864321608,0.07035175879396985,0.053266331658291456,0.008040201005025126
28.24	0.9603081262103883	0.018090452261306532,0.0743718592964824,0.06934673366834171,0.09447236180904522,0.06432160804020101,0.02613065326633166,0.08241206030150754,0.07537688442211055,0.0743718592964824,0.08944723618090453,0.021105527638190954,0.062311557788944726,0.10050251256281408,0.05728643216080402,0.07537688442211055,0.01507537688442211
28.24	0.9440783333988105	0.018090452261306532,0.07035175879396985,0.07135678391959799,0.11155778894472362,0.06834170854271357,0.023115577889447236,0.09045226130653267,0.06633165829145729,0.07035175879396985,0.11155778894472362,0.020100502512562814,0.04623115577889447,0.1135678391959799,0.04321608040201005,0.06633165829145729,0.009045226130653266
28.24	0.9636920273654566	0.01507537688442211,0.05829145728643216,0.0763819095477387,0.0864321608040201,0.07537688442211055,0.031155778894472363,0.09849246231155778,0.0592964824120603,0.05829145728643216,0.1035175879396985,0.03015075376884422,0.07236180904522613,0.0864321608040201,0.07135678391959799,0.0592964824120603,0.018090452261306532
28.24	0.9505679368626022	0.010050251256281407,0.06934673366834171,0.062311557788944726,0.09849246231155778,0.06432160804020101,0.021105527638190954,0.10452261306532663,0.06532663316582915,0.06934673366834171,0.09246231155778895,0.023115577889447236,0.07135678391959799,0.09748743718592964,0.07336683417085427,0.06532663316582915,0.012060301507537688
28.24	0.9555480205080135	0.012060301507537688,0.062311557788944726,0.07236180904522613,0.09045226130653267,0.07336683417085427,0.027135678391959798,0.09748743718592964,0.06532663316582915,0.062311557788944726,0.10050251256281408,0.02814070351758794,0.07236180904522613,0.08944723618090453,0.07336683417085427,0.06432160804020101,0.009045226130653266
28.24	0.9535081779030161	0.01407035175879397,0.062311557788944726,0.07336683417085427,0.09447236180904522,0.07537688442211055,0.02613065326633166,0.10653266331658291,0.05527638190954774,0.062311557788944726,0.10552763819095477,0.02814070351758794,0.06733668341708543,0.09246231155778895,0.07035175879396985,0.05628140703517588,0.010050251256281407
28.24	0.9535219382731032	0.011055276381909548,0.05829145728643216,0.07035175879396985,0.08944723618090453,0.07035175879396985,0.02512562814070352,0.10552763819095477,0.062311557788944726,0.05829145728643216,0.10150753768844221,0.02613065326633166,0.07839195979899498,0.08944723618090453,0.07939698492462312,0.062311557788944726,0.012060301507537688
28.24	0.9586915583864917	0.011055276381909548,0.06934673366834171,0.0763819095477387,0.09246231155778895,0.08040201005025126,0.027135678391959798,0.09346733668341708,0.06030150753768844,0.06934673366834171,0.10050251256281408,0.031155778894472363,0.06030150753768844,0.08944723618090453,0.06432160804020101,0.06030150753768844,0.01407035175879397
28.24	0.9519520218516713	0.01306532663316583,0.07035175879396985,0.06633165829145729,0.09949748743718594,0.06331658291457286,0.02512562814070352,0.09849246231155778,0.06733668341708543,0.07035175879396985,0.09547738693467336,0.022110552763819097,0.06532663316582915,0.1035175879396985,0.062311557788944726,0.06733668341708543,0.010050251256281407
28.24	0.9513368971636432	0.007035175879396985,0.05829145728643216,0.0743718592964824,0.09246231155778895,0.07939698492462312,0.02814070351758794,0.10552763819095477,0.05628140703517588,0.05829145728643216,0.10854271356783919,0.033165829145728645,0.06934673366834171,0.08743718592964825,0.0743718592964824,0.05628140703517588,0.011055276381909548
28.24	0.9570960808732782	0.010050251256281407,0.06432160804020101,0.062311557788944726,0.09246231155778895,0.06432160804020101,0.02512562814070352,0.10150753768844221,0.06733668341708543,0.06532663316582915,0.09045226130653267,0.027135678391959798,0.0763819095477387,0.0914572864321608,0.07839195979899498,0.06834170854271357,0.01507537688442211
28.24	0.9599920770265573	0.01407035175879397,0.054271356783919596,0.06432160804020101,0.08944723618090453,0.062311557788944726,0.034170854271356785,0.11055276381909548,0.0592964824120603,0.05527638190954774,0.09949748743718594,0.032160804020100506,0.08040201005025126,0.09246231155778895,0.07738693467336684,0.0592964824120603,0.01507537688442211
28.24	0.9533015924822841	0.019095477386934675,0.06331658291457286,0.06834170854271357,0.0964824120603015,0.06733668341708543,0.024120603015075376,0.1135678391959799,0.054271356783919596,0.06331658291457286,0.10150753768844221,0.024120603015075376,0.07135678391959799,0.0964824120603015,0.07135678391959799,0.054271356783919596,0.011055276381909548
28.24	0.953490098120137	0.017085427135678392,0.05125628140703518,0.08542713567839195,0.0864321608040201,0.0763819095477387,0.031155778894472363,0.09748743718592964,0.0592964824120603,0.05125628140703518,0.12060301507537688,0.023115577889447236,0.07035175879396985,0.09547738693467336,0.062311557788944726,0.06030150753768844,0.012060301507537688
28.24	0.9509438981181081	0.01306532663316583,0.06733668341708543,0.07035175879396985,0.09949748743718594,0.07236180904522613,0.02512562814070352,0.09849246231155778,0.06331658291457286,0.06633165829145729,0.10251256281407035,0.02814070351758794,0.062311557788944726,0.0964824120603015,0.06532663316582915,0.06331658291457286,0.006030150753768844
28.24	0.9565927170379469	0.010050251256281407,0.06030150753768844,0.07537688442211055,0.09246231155778895,0.07939698492462312,0.02613065326633166,0.09949748743718594,0.0592964824120603,0.06030150753768844,0.10753768844221105,0.03015075376884422,0.06532663316582915,0.08844221105527639,0.07035175879396985,0.0592964824120603,0.016080402010050253
28.24	0.9566888345513402	0.009045226130653266,0.053266331658291456,0.08040201005025126,0.07839195979899498,0.07939698492462312,0.02914572864321608,0.10452261306532663,0.05728643216080402,0.053266331658291456,0.10552763819095477,0.02814070351758794,0.08341708542713568,0.07939698492462312,0.08241206030150754,0.05728643216080402,0.019095477386934675
28.24	0.9530967435401279	0.009045226130653266,0.06733668341708543,0.07839195979899498,0.09045226130653267,0.07135678391959799,0.02814070351758794,0.08844221105527639,0.06934673366834171,0.06733668341708543,0.10251256281407035,0.020100502512562814,0.06733668341708543,0.09849246231155778,0.0592964824120603,0.06934673366834171,0.01306532663316583
28.24	0.9506578534459914	0.012060301507537688,0.0763819095477387,0.05829145728643216,0.10251256281407035,0.06030150753768844,0.019095477386934675,0.10050251256281408,0.06934673366834171,0.0763819095477387,0.08442211055276382,0.021105527638190954,0.06733668341708543,0.10050251256281408,0.06934673366834171,0.06934673366834171,0.01306532663316583
28.24	0.9459967977644534	0.010050251256281407,0.06934673366834171,0.07035175879396985,0.10452261306532663,0.07336683417085427,0.016080402010050253,0.09346733668341708,0.06733668341708543,0.07035175879396985,0.10552763819095477,0.019095477386934675,0.05628140703517588,0.10251256281407035,0.0592964824120603,0.06733668341708543,0.01507537688442211
28.24	0.9430023925037389	0.012060301507537688,0.06934673366834171,0.061306532663316586,0.0964824120603015,0.062311557788944726,0.024120603015075376,0.11055276381909548,0.06331658291457286,0.06934673366834171,0.08944723618090453,0.02512562814070352,0.07738693467336684,0.0964824120603015,0.07839195979899498,0.06331658291457286,0.0010050251256281408
28.24	0.9515832263227769	0.010050251256281407,0.05829145728643216,0.07035175879396985,0.09547738693467336,0.07035175879396985,0.02814070351758794,0.11055276381909548,0.05628140703517588,0.0592964824120603,0.10653266331658291,0.02814070351758794,0.07135678391959799,0.09547738693467336,0.07135678391959799,0.05628140703517588,0.012060301507537688
28.24	0.9481096342951786	0.009045226130653266,0.05226130653266332,0.07839195979899498,0.0914572864321608,0.07738693467336684,0.032160804020100506,0.10050251256281408,0.06030150753768844,0.053266331658291456,0.11758793969849246,0.031155778894472363,0.06934673366834171,0.09246231155778895,0.06834170854271357,0.06030150753768844,0.006030150753768844
28.24	0.9570471360131162	0.01306532663316583,0.061306532663316586,0.07336683417085427,0.08844221105527639,0.07839195979899498,0.024120603015075376,0.10050251256281408,0.061306532663316586,0.061306532663316586,0.10050251256281408,0.02914572864321608,0.07336683417085427,0.08341708542713568,0.07839195979899498,0.061306532663316586,0.012060301507537688
28.24	0.9574379379519243	0.01306532663316583,0.06331658291457286,0.0743718592964824,0.08844221105527639,0.06834170854271357,0.034170854271356785,0.09949748743718594,0.061306532663316586,0.06331658291457286,0.10050251256281408,0.02814070351758794,0.07236180904522613,0.09547738693467336,0.06633165829145729,0.062311557788944726,0.009045226130653266
28.24	0.9602059806902402	0.01407035175879397,0.07135678391959799,0.07839195979899498,0.08542713567839195,0.07839195979899498,0.027135678391959798,0.09346733668341708,0.061306532663316586,0.07135678391959799,0.09346733668341708,0.027135678391959798,0.06934673366834171,0.0864321608040201,0.06934673366834171,0.061306532663316586,0.012060301507537688
28.24	0.9470472080415927	0.01407035175879397,0.0592964824120603,0.06532663316582915,0.09949748743718594,0.062311557788944726,0.020100502512562814,0.10552763819095477,0.06733668341708543,0.0592964824120603,0.10452261306532663,0.017085427135678392,0.07336683417085427,0.10251256281407035,0.07035175879396985,0.06733668341708543,0.012060301507537688
28.24	0.9538456041221269	0.016080402010050253,0.05628140703517588,0.07135678391959799,0.09346733668341708,0.07135678391959799,0.02512562814070352,0.10150753768844221,0.06432160804020101,0.05628140703517588,0.10854271356783919,0.02512562814070352,0.07236180904522613,0.09246231155778895,0.07236180904522613,0.06331658291457286,0.010050251256281407
28.24	0.9523293279441383	0.012060301507537688,0.06532663316582915,0.07939698492462312,0.09246231155778895,0.08241206030150754,0.021105527638190954,0.10251256281407035,0.05527638190954774,0.06532663316582915,0.10653266331658291,0.02512562814070352,0.06532663316582915,0.08944723618090453,0.06834170854271357,0.05527638190954774,0.01407035175879397
28.24	0.9610012782313594	0.016080402010050253,0.06030150753768844,0.07738693467336684,0.08743718592964825,0.07537688442211055,0.033165829145728645,0.09447236180904522,0.062311557788944726,0.06030150753768844,0.10452261306532663,0.031155778894472363,0.06934673366834171,0.08844221105527639,0.06733668341708543,0.062311557788944726,0.010050251256281407
28.24	0.9572165607759896	0.010050251256281407,0.06030150753768844,0.08341708542713568,0.08341708542713568,0.08341708542713568,0.03015075376884422,0.0914572864321608,0.062311557788944726,0.06030150753768844,0.10653266331658291,0.02914572864321608,0.07135678391959799,0.08341708542713568,0.07035175879396985,0.062311557788944726,0.012060301507537688
28.24	0.9502473240918597	0.01507537688442211,0.07236180904522613,0.05829145728643216,0.10150753768844221,0.0592964824120603,0.021105527638190954,0.10050251256281408,0.07035175879396985,0.07236180904522613,0.08743718592964825,0.022110552763819097,0.06934673366834171,0.10150753768844221,0.07035175879396985,0.07035175879396985,0.008040201005025126
28.24	0.9587914123836454	0.011055276381909548,0.054271356783919596,0.08542713567839195,0.07537688442211055,0.08542713567839195,0.03919597989949749,0.1035175879396985,0.05025125628140704,0.05527638190954774,0.10653266331658291,0.03919597989949749,0.07839195979899498,0.07537688442211055,0.07839195979899498,0.05025125628140704,0.012060301507537688
28.24	0.9426167801830106	0.012060301507537688,0.062311557788944726,0.06733668341708543,0.1035175879396985,0.06432160804020101,0.020100502512562814,0.10653266331658291,0.06432160804020101,0.062311557788944726,0.10854271356783919,0.017085427135678392,0.06633165829145729,0.10753768844221105,0.06331658291457286,0.06432160804020101,0.010050251256281407
28.24	0.9529603083986107	0.009045226130653266,0.06432160804020101,0.08040201005025126,0.09447236180904522,0.07738693467336684,0.03015075376884422,0.0964824120603015,0.05829145728643216,0.06432160804020101,0.11055276381909548,0.027135678391959798,0.061306532663316586,0.0964824120603015,0.05829145728643216,0.05829145728643216,0.01306532663316583
28.24	0.9566044202625152	0.012060301507537688,0.061306532663316586,0.06934673366834171,0.09547738693467336,0.07236180904522613,0.024120603015075376,0.09447236180904522,0.06834170854271357,0.061306532663316586,0.1035175879396985,0.027135678391959798,0.06633165829145729,0.09246231155778895,0.06934673366834171,0.06834170854271357,0.01407035175879397
28.24	0.9524765214292139	0.01306532663316583,0.054271356783919596,0.06331658291457286,0.1035175879396985,0.07537688442211055,0.024120603015075376,0.10854271356783919,0.05728643216080402,0.054271356783919596,0.11155778894472362,0.036180904522613064,0.06331658291457286,0.09045226130653267,0.07537688442211055,0.05728643216080402,0.012060301507537688
28.24	0.9510667715399036	0.01407035175879397,0.06432160804020101,0.06432160804020101,0.10452261306532663,0.06633165829145729,0.020100502512562814,0.10150753768844221,0.06432160804020101,0.06532663316582915,0.10452261306532663,0.022110552763819097,0.061306532663316586,0.1035175879396985,0.06331658291457286,0.06532663316582915,0.01507537688442211
28.24	0.9492907407292216	0.010050251256281407,0.054271356783919596,0.0814070351758794,0.0914572864321608,0.07236180904522613,0.03015075376884422,0.09447236180904522,0.06532663316582915,0.054271356783919596,0.1185929648241206,0.021105527638190954,0.06934673366834171,0.09949748743718594,0.06030150753768844,0.06532663316582915,0.012060301507537688
28.24	0.9645800264217055	0.011055276381909548,0.05527638190954774,0.06733668341708543,0.08743718592964825,0.06834170854271357,0.03919597989949749,0.10251256281407035,0.0592964824120603,0.05527638190954774,0.10050251256281408,0.04020100502512563,0.0743718592964824,0.08743718592964825,0.07537688442211055,0.0592964824120603,0.017085427135678392
28.24	0.9541839331358316	0.01407035175879397,0.05728643216080402,0.06633165829145729,0.08844221105527639,0.062311557788944726,0.02814070351758794,0.11457286432160804,0.0592964824120603,0.05728643216080402,0.0964824120603015,0.024120603015075376,0.08542713567839195,0.0914572864321608,0.08241206030150754,0.0592964824120603,0.01306532663316583
28.24	0.9613864085670605	0.019095477386934675,0.06432160804020101,0.07839195979899498,0.08542713567839195,0.07839195979899498,0.033165829145728645,0.10251256281407035,0.053266331658291456,0.06432160804020101,0.09949748743718594,0.033165829145728645,0.07035175879396985,0.08542713567839195,0.07035175879396985,0.053266331658291456,0.009045226130653266
28.24	0.957938522075113	0.006030150753768844,0.05628140703517588,0.0864321608040201,0.08442211055276382,0.0814070351758794,0.034170854271356785,0.08442211055276382,0.06532663316582915,0.05628140703517588,0.11457286432160804,0.03015075376884422,0.06532663316582915,0.08844221105527639,0.061306532663316586,0.06532663316582915,0.020100502512562814
28.24	0.9654660349534036	0.019095477386934675,0.06633165829145729,0.07135678391959799,0.08743718592964825,0.07537688442211055,0.031155778894472363,0.10050251256281408,0.05728643216080402,0.06633165829145729,0.09246231155778895,0.035175879396984924,0.07035175879396985,0.08341708542713568,0.0743718592964824,0.05728643216080402,0.012060301507537688
28.24	0.9527254518888336	0.011055276381909548,0.06633165829145729,0.06834170854271357,0.09748743718592964,0.07336683417085427,0.021105527638190954,0.10050251256281408,0.06331658291457286,0.06633165829145729,0.09949748743718594,0.02613065326633166,0.06633165829145729,0.09346733668341708,0.07135678391959799,0.06331658291457286,0.012060301507537688
28.24	0.9575255455825271	0.008040201005025126,0.06432160804020101,0.07035175879396985,0.09246231155778895,0.07135678391959799,0.02512562814070352,0.09246231155778895,0.06934673366834171,0.06432160804020101,0.09849246231155778,0.02613065326633166,0.06834170854271357,0.0914572864321608,0.07035175879396985,0.06934673366834171,0.018090452261306532
28.24	0.9558576561213082	0.01306532663316583,0.06834170854271357,0.08040201005025126,0.09246231155778895,0.08341708542713568,0.022110552763819097,0.09547738693467336,0.05829145728643216,0.06834170854271357,0.10452261306532663,0.02512562814070352,0.061306532663316586,0.08944723618090453,0.06331658291457286,0.05829145728643216,0.016080402010050253
28.24	0.9473029941881559	0.009045226130653266,0.06633165829145729,0.06432160804020101,0.10050251256281408,0.06934673366834171,0.018090452261306532,0.10050251256281408,0.06834170854271357,0.06733668341708543,0.09748743718592964,0.023115577889447236,0.06834170854271357,0.09547738693467336,0.07336683417085427,0.06834170854271357,0.010050251256281407
28.24	0.9552653490228484	0.011055276381909548,0.06532663316582915,0.06633165829145729,0.09547738693467336,0.07738693467336684,0.023115577889447236,0.10653266331658291,0.05728643216080402,0.06532663316582915,0.0964824120603015,0.033165829145728645,0.06934673366834171,0.08442211055276382,0.07939698492462312,0.05728643216080402,0.012060301507537688
28.24	0.9440973265177857	0.007035175879396985,0.061306532663316586,0.05628140703517588,0.1035175879396985,0.06331658291457286,0.020100502512562814,0.12060301507537688,0.05728643216080402,0.061306532663316586,0.09849246231155778,0.027135678391959798,0.07537688442211055,0.09547738693467336,0.08241206030150754,0.05728643216080402,0.01306532663316583
28.24	0.9575135160630747	0.01407035175879397,0.061306532663316586,0.08040201005025126,0.08743718592964825,0.07738693467336684,0.032160804020100506,0.09949748743718594,0.05728643216080402,0.061306532663316586,0.10552763819095477,0.02914572864321608,0.07035175879396985,0.08944723618090453,0.06733668341708543,0.05728643216080402,0.010050251256281407
28.24	0.957714990422117	0.012060301507537688,0.06934673366834171,0.0763819095477387,0.09246231155778895,0.0763819095477387,0.03015075376884422,0.09949748743718594,0.05628140703517588,0.06934673366834171,0.09949748743718594,0.03015075376884422,0.06331658291457286,0.09246231155778895,0.06432160804020101,0.05628140703517588,0.012060301507537688
28.24	0.9465551259928503	0.016080402010050253,0.05728643216080402,0.07738693467336684,0.09748743718592964,0.06934673366834171,0.03015075376884422,0.11055276381909548,0.053266331658291456,0.05728643216080402,0.11658291457286432,0.022110552763819097,0.06733668341708543,0.10452261306532663,0.0592964824120603,0.053266331658291456,0.008040201005025126
28.24	0.9534147817120346	0.017085427135678392,0.06532663316582915,0.06030150753768844,0.09748743718592964,0.061306532663316586,0.023115577889447236,0.11256281407035176,0.06030150753768844,0.06532663316582915,0.09246231155778895,0.024120603015075376,0.0763819095477387,0.0964824120603015,0.0763819095477387,0.06030150753768844,0.011055276381909548
28.24	0.9459697220252843	0.008040201005025126,0.05728643216080402,0.06733668341708543,0.09447236180904522,0.06331658291457286,0.02512562814070352,0.11055276381909548,0.06331658291457286,0.05728643216080402,0.10452261306532663,0.021105527638190954,0.07939698492462312,0.09849246231155778,0.07537688442211055,0.06331658291457286,0.011055276381909548
28.24	0.9518763898091741	0.010050251256281407,0.07035175879396985,0.0763819095477387,0.08944723618090453,0.0743718592964824,0.02512562814070352,0.10050251256281408,0.061306532663316586,0.07035175879396985,0.09547738693467336,0.023115577889447236,0.07236180904522613,0.09045226130653267,0.07035175879396985,0.061306532663316586,0.009045226130653266
28.24	0.9493409096934722	0.008040201005025126,0.061306532663316586,0.08844221105527639,0.0864321608040201,0.08542713567839195,0.033165829145728645,0.09949748743718594,0.053266331658291456,0.061306532663316586,0.11256281407035176,0.031155778894472363,0.06633165829145729,0.08844221105527639,0.06432160804020101,0.053266331658291456,0.007035175879396985
28.24	0.9528193362873627	0.01507537688442211,0.06030150753768844,0.08040201005025126,0.09045226130653267,0.07939698492462312,0.036180904522613064,0.09748743718592964,0.05628140703517588,0.06030150753768844,0.11155778894472362,0.035175879396984924,0.06331658291457286,0.09246231155778895,0.062311557788944726,0.05628140703517588,0.003015075376884422
28.24	0.9482835504967843	0.008040201005025126,0.06934673366834171,0.06834170854271357,0.10050251256281408,0.06834170854271357,0.020100502512562814,0.08944723618090453,0.0743718592964824,0.06934673366834171,0.09949748743718594,0.020100502512562814,0.062311557788944726,0.10050251256281408,0.062311557788944726,0.0743718592964824,0.01306532663316583
28.24	0.9603374350990707	0.009045226130653266,0.05226130653266332,0.0763819095477387,0.0814070351758794,0.0763819095477387,0.03819095477386935,0.10251256281407035,0.05728643216080402,0.05226130653266332,0.10552763819095477,0.03819095477386935,0.07839195979899498,0.0814070351758794,0.07839195979899498,0.05728643216080402,0.01507537688442211
28.24	0.9486555443661137	0.016080402010050253,0.06934673366834171,0.06733668341708543,0.0964824120603015,0.06030150753768844,0.02613065326633166,0.08844221105527639,0.07738693467336684,0.06934673366834171,0.09447236180904522,0.019095477386934675,0.06834170854271357,0.10452261306532663,0.061306532663316586,0.07738693467336684,0.004020100502512563
28.24	0.95963530653716	0.016080402010050253,0.06934673366834171,0.07035175879396985,0.0914572864321608,0.061306532663316586,0.032160804020100506,0.09447236180904522,0.06733668341708543,0.06934673366834171,0.09346733668341708,0.023115577889447236,0.07035175879396985,0.10050251256281408,0.061306532663316586,0.06733668341708543,0.012060301507537688
28.24	0.9588933391319006	0.01306532663316583,0.05226130653266332,0.07738693467336684,0.07839195979899498,0.0743718592964824,0.04723618090452261,0.10753768844221105,0.05125628140703518,0.05226130653266332,0.1035175879396985,0.044221105527638194,0.08040201005025126,0.0814070351758794,0.07839195979899498,0.05125628140703518,0.007035175879396985
28.24	0.9469256118857068	0.008040201005025126,0.06733668341708543,0.06532663316582915,0.0964824120603015,0.06834170854271357,0.019095477386934675,0.10452261306532663,0.06633165829145729,0.06733668341708543,0.09447236180904522,0.022110552763819097,0.0743718592964824,0.09346733668341708,0.07738693467336684,0.06532663316582915,0.010050251256281407
28.24	0.9500628106001532	0.010050251256281407,0.05125628140703518,0.07035175879396985,0.0964824120603015,0.06934673366834171,0.02613065326633166,0.10150753768844221,0.06532663316582915,0.05125628140703518,0.11557788944723618,0.02512562814070352,0.07035175879396985,0.09849246231155778,0.06934673366834171,0.06532663316582915,0.01407035175879397
28.24	0.9536853278140887	0.01306532663316583,0.05829145728643216,0.06331658291457286,0.0964824120603015,0.07537688442211055,0.018090452261306532,0.10854271356783919,0.06030150753768844,0.0592964824120603,0.10150753768844221,0.03015075376884422,0.07135678391959799,0.08542713567839195,0.08341708542713568,0.06030150753768844,0.01507537688442211
28.24	0.9637401903090083	0.01407035175879397,0.06030150753768844,0.08442211055276382,0.08341708542713568,0.08341708542713568,0.032160804020100506,0.09045226130653267,0.0592964824120603,0.06030150753768844,0.10753768844221105,0.031155778894472363,0.06633165829145729,0.08442211055276382,0.06532663316582915,0.0592964824120603,0.018090452261306532
28.24	0.9543785847416548	0.016080402010050253,0.06331658291457286,0.062311557788944726,0.0964824120603015,0.06532663316582915,0.02814070351758794,0.11658291457286432,0.054271356783919596,0.062311557788944726,0.09547738693467336,0.031155778894472363,0.0743718592964824,0.09246231155778895,0.07839195979899498,0.054271356783919596,0.009045226130653266
28.24	0.956694735264447	0.01306532663316583,0.0743718592964824,0.0763819095477387,0.08944723618090453,0.07336683417085427,0.023115577889447236,0.08844221105527639,0.06834170854271357,0.0743718592964824,0.0914572864321608,0.021105527638190954,0.06733668341708543,0.09246231155778895,0.06532663316582915,0.06834170854271357,0.01306532663316583
28.24	0.955826192171779	0.01407035175879397,0.05728643216080402,0.07738693467336684,0.08542713567839195,0.07035175879396985,0.03819095477386935,0.10854271356783919,0.053266331658291456,0.05728643216080402,0.10552763819095477,0.031155778894472363,0.0763819095477387,0.09246231155778895,0.07035175879396985,0.054271356783919596,0.008040201005025126
28.24	0.9492588501958285	0.004020100502512563,0.05527638190954774,0.0743718592964824,0.08944723618090453,0.07537688442211055,0.02613065326633166,0.10552763819095477,0.06030150753768844,0.05527638190954774,0.10854271356783919,0.027135678391959798,0.0763819095477387,0.08844221105527639,0.07738693467336684,0.06030150753768844,0.016080402010050253
28.24	0.9515227181703684	0.011055276381909548,0.062311557788944726,0.07336683417085427,0.09849246231155778,0.07537688442211055,0.031155778894472363,0.09849246231155778,0.06030150753768844,0.062311557788944726,0.10954773869346733,0.033165829145728645,0.06030150753768844,0.09547738693467336,0.062311557788944726,0.06030150753768844,0.006030150753768844
28.24	0.9550373925892011	0.009045226130653266,0.05728643216080402,0.07236180904522613,0.08844221105527639,0.07135678391959799,0.02914572864321608,0.1035175879396985,0.062311557788944726,0.05728643216080402,0.10251256281407035,0.02814070351758794,0.07738693467336684,0.08944723618090453,0.0763819095477387,0.062311557788944726,0.01306532663316583
28.24	0.9501907709848054	0.017085427135678392,0.06633165829145729,0.06834170854271357,0.09547738693467336,0.06532663316582915,0.02814070351758794,0.10954773869346733,0.05829145728643216,0.06633165829145729,0.09748743718592964,0.02512562814070352,0.07236180904522613,0.09849246231155778,0.06934673366834171,0.05829145728643216,0.004020100502512563
28.24	0.9416564572212506	0.005025125628140704,0.0592964824120603,0.06331658291457286,0.10452261306532663,0.06331658291457286,0.027135678391959798,0.11758793969849246,0.05527638190954774,0.0592964824120603,0.10954773869346733,0.027135678391959798,0.06834170854271357,0.10552763819095477,0.06834170854271357,0.05527638190954774,0.011055276381909548
28.24	0.9563730254204444	0.006030150753768844,0.06331658291457286,0.061306532663316586,0.09748743718592964,0.07035175879396985,0.023115577889447236,0.0964824120603015,0.06934673366834171,0.06331658291457286,0.09547738693467336,0.031155778894472363,0.06834170854271357,0.08944723618090453,0.0763819095477387,0.06934673366834171,0.019095477386934675
28.24	0.9482879824775156	0.010050251256281407,0.061306532663316586,0.06331658291457286,0.09949748743718594,0.062311557788944726,0.022110552763819097,0.10954773869346733,0.06331658291457286,0.061306532663316586,0.10150753768844221,0.022110552763819097,0.07336683417085427,0.10050251256281408,0.07336683417085427,0.06331658291457286,0.01306532663316583
28.24	0.9411321556297981	0.010050251256281407,0.06934673366834171,0.07236180904522613,0.09547738693467336,0.06532663316582915,0.018090452261306532,0.10251256281407035,0.06733668341708543,0.06934673366834171,0.09849246231155778,0.011055276381909548,0.0743718592964824,0.10251256281407035,0.06633165829145729,0.06733668341708543,0.010050251256281407
28.24	0.9566839132960693	0.016080402010050253,0.06633165829145729,0.07336683417085427,0.09346733668341708,0.08040201005025126,0.018090452261306532,0.0964824120603015,0.062311557788944726,0.06633165829145729,0.10050251256281408,0.02613065326633166,0.06532663316582915,0.08542713567839195,0.07336683417085427,0.062311557788944726,0.01407035175879397
28.24	0.9526063789373027	0.01507537688442211,0.06633165829145729,0.062311557788944726,0.09748743718592964,0.0592964824120603,0.022110552763819097,0.10452261306532663,0.06733668341708543,0.06633165829145729,0.09246231155778895,0.019095477386934675,0.07537688442211055,0.09949748743718594,0.07236180904522613,0.06733668341708543,0.01306532663316583
28.24	0.9538803419532197	0.012060301507537688,0.05125628140703518,0.06934673366834171,0.08743718592964825,0.06532663316582915,0.03015075376884422,0.11457286432160804,0.05728643216080402,0.05125628140703518,0.10552763819095477,0.02613065326633166,0.08442211055276382,0.0914572864321608,0.08040201005025126,0.05728643216080402,0.016080402010050253
28.24	0.9578618419077023	0.010050251256281407,0.062311557788944726,0.06733668341708543,0.08844221105527639,0.06834170854271357,0.027135678391959798,0.10552763819095477,0.062311557788944726,0.061306532663316586,0.09346733668341708,0.02914572864321608,0.07939698492462312,0.0864321608040201,0.0814070351758794,0.062311557788944726,0.01507537688442211
28.24	0.9603436187104459	0.008040201005025126,0.05628140703517588,0.06633165829145729,0.0864321608040201,0.06432160804020101,0.034170854271356785,0.10050251256281408,0.06733668341708543,0.05628140703517588,0.0964824120603015,0.032160804020100506,0.0814070351758794,0.08844221105527639,0.07839195979899498,0.06633165829145729,0.017085427135678392
28.24	0.9544464049373236	0.011055276381909548,0.05829145728643216,0.0763819095477387,0.09045226130653267,0.07336683417085427,0.02512562814070352,0.0964824120603015,0.06532663316582915,0.05829145728643216,0.10854271356783919,0.022110552763819097,0.07135678391959799,0.09346733668341708,0.06834170854271357,0.06532663316582915,0.016080402010050253
28.24	0.9526969078218586	0.01306532663316583,0.062311557788944726,0.06532663316582915,0.09849246231155778,0.06633165829145729,0.02613065326633166,0.10251256281407035,0.06432160804020101,0.062311557788944726,0.10251256281407035,0.027135678391959798,0.06834170854271357,0.09849246231155778,0.06934673366834171,0.06432160804020101,0.009045226130653266
28.24	0.9508223048540425	0.009045226130653266,0.053266331658291456,0.08341708542713568,0.08542713567839195,0.07939698492462312,0.032160804020100506,0.10251256281407035,0.05728643216080402,0.053266331658291456,0.11457286432160804,0.02814070351758794,0.0743718592964824,0.08844221105527639,0.07135678391959799,0.05728643216080402,0.010050251256281407
28.24	0.9547918307854261	0.012060301507537688,0.05829145728643216,0.07236180904522613,0.09547738693467336,0.07236180904522613,0.02512562814070352,0.09849246231155778,0.06331658291457286,0.05829145728643216,0.11055276381909548,0.02512562814070352,0.06633165829145729,0.0964824120603015,0.06633165829145729,0.06331658291457286,0.016080402010050253
28.24	0.9515281672598725	0.007035175879396985,0.06432160804020101,0.05829145728643216,0.09949748743718594,0.06834170854271357,0.019095477386934675,0.1035175879396985,0.06733668341708543,0.06532663316582915,0.09346733668341708,0.02914572864321608,0.07135678391959799,0.09045226130653267,0.08040201005025126,0.06733668341708543,0.01507537688442211
28.24	0.9508170054279669	0.012060301507537688,0.06030150753768844,0.07537688442211055,0.09246231155778895,0.06834170854271357,0.034170854271356785,0.10653266331658291,0.05628140703517588,0.06030150753768844,0.10854271356783919,0.027135678391959798,0.07035175879396985,0.10050251256281408,0.06331658291457286,0.05728643216080402,0.007035175879396985
28.24	0.9506503084647904	0.01306532663316583,0.07738693467336684,0.07537688442211055,0.09849246231155778,0.07537688442211055,0.023115577889447236,0.08944723618090453,0.06532663316582915,0.07738693467336684,0.0964824120603015,0.023115577889447236,0.05628140703517588,0.09849246231155778,0.05728643216080402,0.06532663316582915,0.008040201005025126
28.24	0.9552012396554624	0.018090452261306532,0.06532663316582915,0.06934673366834171,0.0914572864321608,0.07336683417085427,0.024120603015075376,0.10653266331658291,0.05829145728643216,0.06532663316582915,0.09547738693467336,0.02814070351758794,0.0743718592964824,0.0864321608040201,0.07839195979899498,0.05829145728643216,0.007035175879396985
28.24	0.9526774835825026	0.009045226130653266,0.06432160804020101,0.06532663316582915,0.09547738693467336,0.061306532663316586,0.023115577889447236,0.09949748743718594,0.07035175879396985,0.06432160804020101,0.09547738693467336,0.019095477386934675,0.0743718592964824,0.09949748743718594,0.07035175879396985,0.07035175879396985,0.018090452261306532
28.24	0.9647503875084286	0.01507537688442211,0.06633165829145729,0.0743718592964824,0.08743718592964825,0.07336683417085427,0.02914572864321608,0.09346733668341708,0.06331658291457286,0.06633165829145729,0.0964824120603015,0.02814070351758794,0.06834170854271357,0.08944723618090453,0.06733668341708543,0.06331658291457286,0.018090452261306532
28.24	0.9447330844419491	0.009045226130653266,0.06733668341708543,0.07738693467336684,0.09949748743718594,0.06532663316582915,0.03015075376884422,0.09246231155778895,0.06733668341708543,0.06733668341708543,0.10954773869346733,0.018090452261306532,0.06030150753768844,0.11055276381909548,0.04924623115577889,0.06733668341708543,0.009045226130653266
28.24	0.9519547508262393	0.012060301507537688,0.05728643216080402,0.07336683417085427,0.09547738693467336,0.07035175879396985,0.02613065326633166,0.09346733668341708,0.06934673366834171,0.05728643216080402,0.11055276381909548,0.023115577889447236,0.06834170854271357,0.09748743718592964,0.06532663316582915,0.06934673366834171,0.011055276381909548
28.24	0.9450069845300336	0.007035175879396985,0.05829145728643216,0.0743718592964824,0.0914572864321608,0.06934673366834171,0.020100502512562814,0.10251256281407035,0.06733668341708543,0.05829145728643216,0.10753768844221105,0.01507537688442211,0.07738693467336684,0.0964824120603015,0.07236180904522613,0.06633165829145729,0.016080402010050253
28.49	0.9610922823493978	0.01407035175879397,0.06331658291457286,0.07738693467336684,0.08542713567839195,0.0763819095477387,0.03015075376884422,0.08944723618090453,0.06633165829145729,0.06331658291457286,0.09949748743718594,0.02914572864321608,0.07135678391959799,0.0864321608040201,0.07035175879396985,0.06633165829145729,0.011055276381909548
28.49	0.9419897923184263	0.008040201005025126,0.05125628140703518,0.062311557788944726,0.10150753768844221,0.06331658291457286,0.02613065326633166,0.11557788944723618,0.061306532663316586,0.05125628140703518,0.11256281407035176,0.027135678391959798,0.0743718592964824,0.10050251256281408,0.07537688442211055,0.061306532663316586,0.008040201005025126
28.49	0.9573032551148056	0.021105527638190954,0.0592964824120603,0.07336683417085427,0.09246231155778895,0.06733668341708543,0.036180904522613064,0.10050251256281408,0.06030150753768844,0.0592964824120603,0.10552763819095477,0.03015075376884422,0.06834170854271357,0.09748743718592964,0.06331658291457286,0.06030150753768844,0.005025125628140704
28.49	0.9497703647616028	0.009045226130653266,0.04924623115577889,0.07537688442211055,0.08944723618090453,0.06532663316582915,0.035175879396984924,0.10753768844221105,0.06030150753768844,0.04924623115577889,0.11557788944723618,0.02613065326633166,0.07738693467336684,0.09949748743718594,0.06834170854271357,0.06030150753768844,0.012060301507537688
28.49	0.9565156562415685	0.010050251256281407,0.07035175879396985,0.06834170854271357,0.09246231155778895,0.06834170854271357,0.02512562814070352,0.09547738693467336,0.06834170854271357,0.07035175879396985,0.09045226130653267,0.02512562814070352,0.07135678391959799,0.09246231155778895,0.07035175879396985,0.06834170854271357,0.01306532663316583
28.49	0.9440492674703483	0.009045226130653266,0.06030150753768844,0.06532663316582915,0.09547738693467336,0.061306532663316586,0.027135678391959798,0.11758793969849246,0.05829145728643216,0.06030150753768844,0.10050251256281408,0.023115577889447236,0.08040201005025126,0.09949748743718594,0.0763819095477387,0.05829145728643216,0.007035175879396985
28.49	0.9557096510109132	0.006030150753768844,0.06532663316582915,0.07537688442211055,0.09246231155778895,0.07537688442211055,0.02814070351758794,0.08944723618090453,0.06834170854271357,0.06532663316582915,0.10150753768844221,0.02814070351758794,0.06532663316582915,0.0914572864321608,0.06532663316582915,0.06733668341708543,0.01507537688442211
28.49	0.9523624008799997	0.011055276381909548,0.0592964824120603,0.0763819095477387,0.09346733668341708,0.07738693467336684,0.02814070351758794,0.09949748743718594,0.06030150753768844,0.0592964824120603,0.11055276381909548,0.02914572864321608,0.06633165829145729,0.09246231155778895,0.06733668341708543,0.06030150753768844,0.009045226130653266
28.49	0.9639576658349999	0.01306532663316583,0.06331658291457286,0.06934673366834171,0.08241206030150754,0.06633165829145729,0.036180904522613064,0.10251256281407035,0.062311557788944726,0.06331658291457286,0.08844221105527639,0.033165829145728645,0.0814070351758794,0.08542713567839195,0.07839195979899498,0.061306532663316586,0.01306532663316583
28.49	0.9549653238887615	0.010050251256281407,0.0592964824120603,0.0763819095477387,0.09547738693467336,0.07537688442211055,0.02814070351758794,0.09045226130653267,0.06633165829145729,0.0592964824120603,0.11256281407035176,0.027135678391959798,0.061306532663316586,0.0964824120603015,0.06030150753768844,0.06633165829145729,0.01507537688442211
28.49	0.9634520301526874	0.009045226130653266,0.06834170854271357,0.06733668341708543,0.08944723618090453,0.06633165829145729,0.033165829145728645,0.08442211055276382,0.07537688442211055,0.06834170854271357,0.08743718592964825,0.032160804020100506,0.07035175879396985,0.08944723618090453,0.06934673366834171,0.0743718592964824,0.01507537688442211
28.49	0.9559908601638404	0.010050251256281407,0.062311557788944726,0.05226130653266332,0.09949748743718594,0.06030150753768844,0.02512562814070352,0.11055276381909548,0.06432160804020101,0.062311557788944726,0.08944723618090453,0.033165829145728645,0.07537688442211055,0.09045226130653267,0.08442211055276382,0.06432160804020101,0.016080402010050253
28.49	0.9560291775630514	0.010050251256281407,0.06633165829145729,0.06331658291457286,0.0964824120603015,0.07035175879396985,0.019095477386934675,0.10050251256281408,0.06633165829145729,0.06633165829145729,0.09346733668341708,0.027135678391959798,0.06934673366834171,0.08944723618090453,0.07738693467336684,0.06633165829145729,0.018090452261306532
28.49	0.959971621593592	0.011055276381909548,0.05628140703517588,0.0763819095477387,0.08542713567839195,0.07035175879396985,0.04221105527638191,0.09447236180904522,0.06331658291457286,0.05728643216080402,0.10552763819095477,0.036180904522613064,0.07135678391959799,0.09246231155778895,0.06532663316582915,0.06331658291457286,0.009045226130653266
28.49	0.9497654781703744	0.010050251256281407,0.053266331658291456,0.06331658291457286,0.09849246231155778,0.061306532663316586,0.02814070351758794,0.10753768844221105,0.06532663316582915,0.053266331658291456,0.10854271356783919,0.02613065326633166,0.0743718592964824,0.10050251256281408,0.07236180904522613,0.06532663316582915,0.012060301507537688
