β	Permutation_Entropy	Pattern_Probabilities
2.115	0.9756890328465744	0.10452261306532663,0.09346733668341708,0.10150753768844221,0.04120603015075377,0.08944723618090453,0.054271356783919596,0.05125628140703518,0.04221105527638191,0.09447236180904522,0.04924623115577889,0.04221105527638191,0.05125628140703518,0.054271356783919596,0.03919597989949749,0.04221105527638191,0.04924623115577889
2.115	0.9683647358361792	0.12562814070351758,0.09447236180904522,0.09346733668341708,0.05025125628140704,0.09547738693467336,0.05125628140703518,0.05527638190954774,0.035175879396984924,0.09346733668341708,0.04924623115577889,0.053266331658291456,0.04020100502512563,0.04824120603015075,0.04221105527638191,0.035175879396984924,0.0371859296482412
2.115	0.9851814856007182	0.08442211055276382,0.09045226130653267,0.08944723618090453,0.05628140703517588,0.08743718592964825,0.04824120603015075,0.06030150753768844,0.04723618090452261,0.09045226130653267,0.05527638190954774,0.04723618090452261,0.05025125628140704,0.05829145728643216,0.04924623115577889,0.04723618090452261,0.03819095477386935
2.115	0.98409171176469	0.07839195979899498,0.08542713567839195,0.09246231155778895,0.04120603015075377,0.09246231155778895,0.07135678391959799,0.044221105527638194,0.04723618090452261,0.08542713567839195,0.04723618090452261,0.07236180904522613,0.05025125628140704,0.04020100502512563,0.05125628140703518,0.04723618090452261,0.053266331658291456
2.115	0.9789027544632178	0.10050251256281408,0.09346733668341708,0.09246231155778895,0.05527638190954774,0.09045226130653267,0.04824120603015075,0.05628140703517588,0.044221105527638194,0.09246231155778895,0.054271356783919596,0.04623115577889447,0.04522613065326633,0.05728643216080402,0.04321608040201005,0.044221105527638194,0.036180904522613064
2.115	0.981592599594175	0.10854271356783919,0.0864321608040201,0.08743718592964825,0.05025125628140704,0.08944723618090453,0.04522613065326633,0.03919597989949749,0.05728643216080402,0.0864321608040201,0.05125628140703518,0.04723618090452261,0.04623115577889447,0.04824120603015075,0.04824120603015075,0.05728643216080402,0.05125628140703518
2.115	0.9671857966181837	0.13266331658291458,0.09346733668341708,0.09849246231155778,0.044221105527638194,0.08844221105527639,0.04824120603015075,0.04924623115577889,0.044221105527638194,0.09346733668341708,0.04924623115577889,0.0371859296482412,0.04924623115577889,0.054271356783919596,0.03819095477386935,0.044221105527638194,0.035175879396984924
2.115	0.9591093517763734	0.1185929648241206,0.09748743718592964,0.11457286432160804,0.044221105527638194,0.10452261306532663,0.04120603015075377,0.04824120603015075,0.03819095477386935,0.0964824120603015,0.061306532663316586,0.032160804020100506,0.04221105527638191,0.053266331658291456,0.033165829145728645,0.03819095477386935,0.036180904522613064
2.115	0.972338458893947	0.09748743718592964,0.09246231155778895,0.10452261306532663,0.04120603015075377,0.10050251256281408,0.061306532663316586,0.04723618090452261,0.04221105527638191,0.09346733668341708,0.053266331658291456,0.05728643216080402,0.04824120603015075,0.04623115577889447,0.044221105527638194,0.04321608040201005,0.027135678391959798
2.115	0.962165977441509	0.09045226130653267,0.10753768844221105,0.10452261306532663,0.04824120603015075,0.11055276381909548,0.05628140703517588,0.04522613065326633,0.03819095477386935,0.10753768844221105,0.04522613065326633,0.062311557788944726,0.035175879396984924,0.04221105527638191,0.04120603015075377,0.03819095477386935,0.027135678391959798
2.115	0.9636356806976617	0.11055276381909548,0.09748743718592964,0.1135678391959799,0.032160804020100506,0.10050251256281408,0.0592964824120603,0.04221105527638191,0.04221105527638191,0.09748743718592964,0.04924623115577889,0.04623115577889447,0.05125628140703518,0.04623115577889447,0.03819095477386935,0.04221105527638191,0.031155778894472363
2.115	0.9743712576567857	0.09547738693467336,0.10251256281407035,0.09748743718592964,0.05025125628140704,0.09246231155778895,0.04824120603015075,0.05125628140703518,0.044221105527638194,0.10251256281407035,0.04522613065326633,0.04221105527638191,0.04522613065326633,0.05527638190954774,0.03919597989949749,0.04321608040201005,0.04522613065326633
2.115	0.9719452090450138	0.10452261306532663,0.0964824120603015,0.10552763819095477,0.04321608040201005,0.09045226130653267,0.053266331658291456,0.05125628140703518,0.04321608040201005,0.0964824120603015,0.05226130653266332,0.03819095477386935,0.05125628140703518,0.05829145728643216,0.036180904522613064,0.04321608040201005,0.036180904522613064
2.115	0.9813916173962032	0.09748743718592964,0.0964824120603015,0.0864321608040201,0.05527638190954774,0.08341708542713568,0.054271356783919596,0.04824120603015075,0.05125628140703518,0.09547738693467336,0.04623115577889447,0.05125628140703518,0.044221105527638194,0.05829145728643216,0.04120603015075377,0.05125628140703518,0.03919597989949749
2.115	0.9802643618536695	0.07939698492462312,0.09346733668341708,0.0964824120603015,0.05125628140703518,0.09849246231155778,0.054271356783919596,0.054271356783919596,0.03919597989949749,0.09447236180904522,0.054271356783919596,0.05628140703517588,0.04221105527638191,0.05025125628140704,0.04321608040201005,0.03919597989949749,0.053266331658291456
2.115	0.9564670048645173	0.12562814070351758,0.10150753768844221,0.10050251256281408,0.05728643216080402,0.10050251256281408,0.04120603015075377,0.04522613065326633,0.044221105527638194,0.10150753768844221,0.05628140703517588,0.04020100502512563,0.032160804020100506,0.05829145728643216,0.031155778894472363,0.044221105527638194,0.020100502512562814
2.115	0.9815346255025936	0.10552763819095477,0.08844221105527639,0.08944723618090453,0.05025125628140704,0.0864321608040201,0.05125628140703518,0.053266331658291456,0.04924623115577889,0.08844221105527639,0.05226130653266332,0.04824120603015075,0.05226130653266332,0.053266331658291456,0.04924623115577889,0.04924623115577889,0.033165829145728645
2.115	0.9716738355446619	0.11758793969849246,0.09949748743718594,0.08743718592964825,0.05226130653266332,0.0814070351758794,0.04824120603015075,0.035175879396984924,0.05527638190954774,0.09949748743718594,0.04020100502512563,0.04221105527638191,0.03819095477386935,0.05728643216080402,0.032160804020100506,0.05527638190954774,0.05829145728643216
2.115	0.9672803755031318	0.12663316582914572,0.09849246231155778,0.0914572864321608,0.05025125628140704,0.08743718592964825,0.04623115577889447,0.04623115577889447,0.04120603015075377,0.09949748743718594,0.04321608040201005,0.04120603015075377,0.0371859296482412,0.05527638190954774,0.032160804020100506,0.04120603015075377,0.062311557788944726
2.115	0.9768241378563028	0.0864321608040201,0.10050251256281408,0.0964824120603015,0.05628140703517588,0.09045226130653267,0.04924623115577889,0.04723618090452261,0.04824120603015075,0.10050251256281408,0.05226130653266332,0.04321608040201005,0.03919597989949749,0.062311557788944726,0.033165829145728645,0.04824120603015075,0.04623115577889447
2.115	0.9738729536644128	0.09748743718592964,0.0914572864321608,0.10251256281407035,0.04924623115577889,0.10552763819095477,0.04623115577889447,0.05125628140703518,0.04020100502512563,0.09246231155778895,0.06030150753768844,0.04924623115577889,0.04221105527638191,0.04723618090452261,0.04522613065326633,0.04020100502512563,0.03919597989949749
2.115	0.9529454622096742	0.12462311557788945,0.10552763819095477,0.10954773869346733,0.04723618090452261,0.10050251256281408,0.05125628140703518,0.04623115577889447,0.032160804020100506,0.10552763819095477,0.05025125628140704,0.04221105527638191,0.032160804020100506,0.05527638190954774,0.023115577889447236,0.032160804020100506,0.04221105527638191
2.115	0.9683074098571908	0.10150753768844221,0.10150753768844221,0.10753768844221105,0.04221105527638191,0.09849246231155778,0.054271356783919596,0.04221105527638191,0.044221105527638194,0.10150753768844221,0.04824120603015075,0.04623115577889447,0.04321608040201005,0.05125628140703518,0.035175879396984924,0.044221105527638194,0.03819095477386935
2.115	0.9710337607182162	0.10854271356783919,0.09748743718592964,0.0964824120603015,0.05728643216080402,0.09748743718592964,0.04020100502512563,0.04723618090452261,0.04623115577889447,0.09748743718592964,0.05527638190954774,0.04120603015075377,0.0371859296482412,0.05527638190954774,0.03819095477386935,0.04623115577889447,0.03819095477386935
2.115	0.980287429046484	0.08542713567839195,0.09045226130653267,0.09949748743718594,0.05226130653266332,0.09949748743718594,0.044221105527638194,0.04824120603015075,0.05025125628140704,0.08944723618090453,0.062311557788944726,0.044221105527638194,0.04623115577889447,0.05226130653266332,0.04623115577889447,0.05025125628140704,0.03919597989949749
2.115	0.9844949435330906	0.08944723618090453,0.08442211055276382,0.09246231155778895,0.05527638190954774,0.0864321608040201,0.061306532663316586,0.05829145728643216,0.04221105527638191,0.08442211055276382,0.062311557788944726,0.05628140703517588,0.04522613065326633,0.06030150753768844,0.04020100502512563,0.04221105527638191,0.03919597989949749
2.115	0.9698227160913603	0.0814070351758794,0.1035175879396985,0.10452261306532663,0.04723618090452261,0.10954773869346733,0.05025125628140704,0.04522613065326633,0.04321608040201005,0.1035175879396985,0.04924623115577889,0.05527638190954774,0.04120603015075377,0.04221105527638191,0.04623115577889447,0.04321608040201005,0.034170854271356785
2.115	0.9876409363082362	0.07939698492462312,0.08442211055276382,0.0914572864321608,0.05125628140703518,0.09246231155778895,0.05628140703517588,0.04723618090452261,0.053266331658291456,0.08442211055276382,0.05728643216080402,0.05728643216080402,0.04924623115577889,0.05025125628140704,0.05025125628140704,0.053266331658291456,0.04221105527638191
2.115	0.9703603857702124	0.0814070351758794,0.09949748743718594,0.10753768844221105,0.05527638190954774,0.10653266331658291,0.04221105527638191,0.05125628140703518,0.04221105527638191,0.09949748743718594,0.06331658291457286,0.04221105527638191,0.03819095477386935,0.05527638190954774,0.03819095477386935,0.04221105527638191,0.035175879396984924
2.115	0.9696488909362738	0.11658291457286432,0.0864321608040201,0.10150753768844221,0.053266331658291456,0.1035175879396985,0.04522613065326633,0.05025125628140704,0.04020100502512563,0.0864321608040201,0.06834170854271357,0.04723618090452261,0.0371859296482412,0.05025125628140704,0.03919597989949749,0.03919597989949749,0.035175879396984924
2.115	0.9777726891888873	0.0814070351758794,0.0914572864321608,0.09447236180904522,0.04321608040201005,0.0864321608040201,0.08542713567839195,0.04120603015075377,0.04522613065326633,0.0914572864321608,0.04623115577889447,0.07738693467336684,0.04321608040201005,0.05125628140703518,0.035175879396984924,0.04522613065326633,0.04120603015075377
2.115	0.9589663619709341	0.10150753768844221,0.10954773869346733,0.10854271356783919,0.04623115577889447,0.10653266331658291,0.04824120603015075,0.05125628140703518,0.0371859296482412,0.10854271356783919,0.04522613065326633,0.04623115577889447,0.04221105527638191,0.04824120603015075,0.04020100502512563,0.0371859296482412,0.023115577889447236
2.115	0.9636457858288886	0.12060301507537688,0.10452261306532663,0.0964824120603015,0.05025125628140704,0.09346733668341708,0.053266331658291456,0.04020100502512563,0.044221105527638194,0.10452261306532663,0.04221105527638191,0.05025125628140704,0.034170854271356785,0.053266331658291456,0.031155778894472363,0.044221105527638194,0.0371859296482412
2.115	0.9593258786669276	0.0914572864321608,0.1035175879396985,0.12060301507537688,0.0371859296482412,0.10452261306532663,0.061306532663316586,0.04924623115577889,0.0371859296482412,0.1035175879396985,0.053266331658291456,0.04522613065326633,0.04924623115577889,0.05226130653266332,0.033165829145728645,0.036180904522613064,0.022110552763819097
2.115	0.974148862150462	0.08743718592964825,0.09748743718592964,0.09949748743718594,0.053266331658291456,0.10251256281407035,0.054271356783919596,0.04221105527638191,0.04623115577889447,0.09748743718592964,0.05527638190954774,0.05728643216080402,0.036180904522613064,0.05025125628140704,0.03919597989949749,0.04723618090452261,0.034170854271356785
2.115	0.974356493423493	0.11557788944723618,0.08542713567839195,0.10050251256281408,0.04522613065326633,0.0864321608040201,0.06432160804020101,0.04723618090452261,0.044221105527638194,0.08542713567839195,0.06030150753768844,0.05025125628140704,0.04623115577889447,0.0592964824120603,0.031155778894472363,0.044221105527638194,0.034170854271356785
2.115	0.9603670891079202	0.12060301507537688,0.09949748743718594,0.1035175879396985,0.04824120603015075,0.10653266331658291,0.03919597989949749,0.05025125628140704,0.04020100502512563,0.10050251256281408,0.05226130653266332,0.04120603015075377,0.04221105527638191,0.04623115577889447,0.044221105527638194,0.04020100502512563,0.02512562814070352
2.115	0.9800115798594727	0.10050251256281408,0.08844221105527639,0.09748743718592964,0.036180904522613064,0.08341708542713568,0.06733668341708543,0.04020100502512563,0.05025125628140704,0.08844221105527639,0.04522613065326633,0.053266331658291456,0.054271356783919596,0.05025125628140704,0.03919597989949749,0.04924623115577889,0.05628140703517588
2.115	0.9726990292023737	0.08844221105527639,0.10150753768844221,0.10653266331658291,0.04221105527638191,0.09849246231155778,0.05125628140703518,0.04824120603015075,0.044221105527638194,0.10150753768844221,0.04723618090452261,0.04221105527638191,0.05025125628140704,0.05125628140703518,0.04120603015075377,0.044221105527638194,0.04120603015075377
2.115	0.978181390894779	0.08743718592964825,0.09246231155778895,0.09949748743718594,0.053266331658291456,0.09949748743718594,0.05226130653266332,0.05025125628140704,0.044221105527638194,0.09246231155778895,0.06030150753768844,0.05226130653266332,0.04120603015075377,0.053266331658291456,0.04020100502512563,0.04321608040201005,0.03819095477386935
2.115	0.9767035172522305	0.10050251256281408,0.08944723618090453,0.10050251256281408,0.04623115577889447,0.0864321608040201,0.06733668341708543,0.053266331658291456,0.04020100502512563,0.08944723618090453,0.05728643216080402,0.053266331658291456,0.04723618090452261,0.06030150753768844,0.033165829145728645,0.04020100502512563,0.035175879396984924
2.115	0.9320265682465246	0.14371859296482412,0.11256281407035176,0.1185929648241206,0.04221105527638191,0.11256281407035176,0.035175879396984924,0.04221105527638191,0.035175879396984924,0.11256281407035176,0.04824120603015075,0.03015075376884422,0.035175879396984924,0.04824120603015075,0.02914572864321608,0.035175879396984924,0.019095477386934675
2.115	0.9652660543450118	0.11557788944723618,0.10753768844221105,0.09346733668341708,0.04623115577889447,0.08944723618090453,0.04321608040201005,0.036180904522613064,0.05125628140703518,0.10753768844221105,0.032160804020100506,0.03919597989949749,0.04120603015075377,0.05025125628140704,0.0371859296482412,0.05125628140703518,0.05829145728643216
2.115	0.9743860082446435	0.08844221105527639,0.10150753768844221,0.0964824120603015,0.05728643216080402,0.09547738693467336,0.04321608040201005,0.054271356783919596,0.04120603015075377,0.10251256281407035,0.05226130653266332,0.04221105527638191,0.03819095477386935,0.05829145728643216,0.0371859296482412,0.04120603015075377,0.05025125628140704
2.115	0.9647503294094885	0.12864321608040202,0.09447236180904522,0.1035175879396985,0.04120603015075377,0.09447236180904522,0.053266331658291456,0.04120603015075377,0.04522613065326633,0.09547738693467336,0.04924623115577889,0.044221105527638194,0.04522613065326633,0.05025125628140704,0.036180904522613064,0.04522613065326633,0.032160804020100506
2.115	0.9619274750754793	0.10552763819095477,0.09949748743718594,0.11155778894472362,0.04221105527638191,0.10854271356783919,0.05829145728643216,0.04221105527638191,0.036180904522613064,0.09949748743718594,0.053266331658291456,0.05527638190954774,0.036180904522613064,0.04522613065326633,0.033165829145728645,0.036180904522613064,0.0371859296482412
2.115	0.9784167487399865	0.09748743718592964,0.09346733668341708,0.0964824120603015,0.04221105527638191,0.0914572864321608,0.054271356783919596,0.05527638190954774,0.04321608040201005,0.09447236180904522,0.04522613065326633,0.04924623115577889,0.05628140703517588,0.04723618090452261,0.05125628140703518,0.04321608040201005,0.03919597989949749
2.115	0.9717906879647252	0.11457286432160804,0.09346733668341708,0.0964824120603015,0.05527638190954774,0.0914572864321608,0.04824120603015075,0.04522613065326633,0.04623115577889447,0.09346733668341708,0.05829145728643216,0.04321608040201005,0.036180904522613064,0.06030150753768844,0.031155778894472363,0.04623115577889447,0.04020100502512563
2.115	0.9726619673590378	0.09045226130653267,0.09045226130653267,0.11155778894472362,0.04321608040201005,0.10653266331658291,0.05628140703517588,0.04321608040201005,0.04321608040201005,0.08944723618090453,0.06432160804020101,0.05125628140703518,0.044221105527638194,0.04723618090452261,0.03919597989949749,0.04321608040201005,0.036180904522613064
2.115	0.9709238813012355	0.11758793969849246,0.0964824120603015,0.09949748743718594,0.044221105527638194,0.09045226130653267,0.04824120603015075,0.05226130653266332,0.04120603015075377,0.0964824120603015,0.04723618090452261,0.03919597989949749,0.04924623115577889,0.05226130653266332,0.04120603015075377,0.04120603015075377,0.04321608040201005
2.115	0.9605206456915155	0.11758793969849246,0.10452261306532663,0.10452261306532663,0.04824120603015075,0.10251256281407035,0.04623115577889447,0.04522613065326633,0.0371859296482412,0.10452261306532663,0.04824120603015075,0.044221105527638194,0.035175879396984924,0.05025125628140704,0.033165829145728645,0.0371859296482412,0.04120603015075377
2.115	0.9563458623276905	0.11155778894472362,0.11155778894472362,0.10854271356783919,0.04221105527638191,0.0964824120603015,0.0592964824120603,0.03919597989949749,0.04120603015075377,0.11155778894472362,0.03919597989949749,0.04723618090452261,0.03819095477386935,0.054271356783919596,0.02613065326633166,0.04020100502512563,0.033165829145728645
2.115	0.9715494188700294	0.0964824120603015,0.09447236180904522,0.10552763819095477,0.04824120603015075,0.10452261306532663,0.04221105527638191,0.04623115577889447,0.04824120603015075,0.09447236180904522,0.0592964824120603,0.04120603015075377,0.04723618090452261,0.04924623115577889,0.04522613065326633,0.04824120603015075,0.02914572864321608
2.115	0.9810946364756739	0.09246231155778895,0.0914572864321608,0.0964824120603015,0.04020100502512563,0.0814070351758794,0.07035175879396985,0.054271356783919596,0.04321608040201005,0.0914572864321608,0.044221105527638194,0.05527638190954774,0.05728643216080402,0.054271356783919596,0.04221105527638191,0.04321608040201005,0.04221105527638191
2.115	0.9633683424519173	0.1135678391959799,0.10452261306532663,0.10150753768844221,0.04924623115577889,0.09949748743718594,0.05125628140703518,0.04522613065326633,0.03919597989949749,0.10452261306532663,0.04723618090452261,0.04924623115577889,0.035175879396984924,0.05125628140703518,0.033165829145728645,0.03919597989949749,0.036180904522613064
2.115	0.96500420434241	0.09949748743718594,0.09045226130653267,0.11155778894472362,0.04723618090452261,0.10954773869346733,0.0592964824120603,0.044221105527638194,0.03919597989949749,0.09045226130653267,0.06834170854271357,0.05728643216080402,0.036180904522613064,0.04924623115577889,0.034170854271356785,0.03919597989949749,0.024120603015075376
2.115	0.9656446503491322	0.10050251256281408,0.09849246231155778,0.10954773869346733,0.04623115577889447,0.10251256281407035,0.04824120603015075,0.05125628140703518,0.04221105527638191,0.09849246231155778,0.05728643216080402,0.04120603015075377,0.04723618090452261,0.053266331658291456,0.04020100502512563,0.04221105527638191,0.021105527638190954
2.115	0.9662287588915055	0.08341708542713568,0.10552763819095477,0.1135678391959799,0.0371859296482412,0.10653266331658291,0.05628140703517588,0.03919597989949749,0.04221105527638191,0.10552763819095477,0.04522613065326633,0.05025125628140704,0.044221105527638194,0.044221105527638194,0.03819095477386935,0.04321608040201005,0.04522613065326633
2.115	0.9732519775155899	0.09849246231155778,0.09748743718592964,0.1035175879396985,0.04924623115577889,0.09547738693467336,0.04522613065326633,0.05025125628140704,0.04522613065326633,0.09748743718592964,0.054271356783919596,0.03819095477386935,0.04623115577889447,0.05628140703517588,0.03919597989949749,0.04522613065326633,0.03819095477386935
2.115	0.965246110129724	0.12060301507537688,0.10150753768844221,0.09547738693467336,0.054271356783919596,0.09949748743718594,0.04221105527638191,0.04120603015075377,0.044221105527638194,0.10050251256281408,0.04824120603015075,0.04623115577889447,0.032160804020100506,0.04924623115577889,0.036180904522613064,0.044221105527638194,0.044221105527638194
2.115	0.9899389012105192	0.09346733668341708,0.08442211055276382,0.07939698492462312,0.054271356783919596,0.0743718592964824,0.0592964824120603,0.061306532663316586,0.04824120603015075,0.08442211055276382,0.04924623115577889,0.054271356783919596,0.05628140703517588,0.05829145728643216,0.05125628140703518,0.04824120603015075,0.04321608040201005
2.115	0.9728061146229766	0.10452261306532663,0.09547738693467336,0.09547738693467336,0.04924623115577889,0.09246231155778895,0.06030150753768844,0.05628140703517588,0.03819095477386935,0.09547738693467336,0.04924623115577889,0.05829145728643216,0.04522613065326633,0.05226130653266332,0.04321608040201005,0.03819095477386935,0.02613065326633166
2.115	0.9741563519710486	0.09547738693467336,0.09748743718592964,0.0964824120603015,0.05628140703517588,0.09346733668341708,0.053266331658291456,0.0592964824120603,0.03819095477386935,0.09748743718592964,0.054271356783919596,0.05025125628140704,0.04120603015075377,0.05829145728643216,0.03919597989949749,0.03819095477386935,0.031155778894472363
2.115	0.9899663900231008	0.08040201005025126,0.09045226130653267,0.07939698492462312,0.05829145728643216,0.07336683417085427,0.04824120603015075,0.0592964824120603,0.05527638190954774,0.09045226130653267,0.04723618090452261,0.04321608040201005,0.05527638190954774,0.06432160804020101,0.05025125628140704,0.05527638190954774,0.04924623115577889
2.115	0.9631295398357818	0.12261306532663317,0.09346733668341708,0.10854271356783919,0.034170854271356785,0.1035175879396985,0.05829145728643216,0.04020100502512563,0.03919597989949749,0.09346733668341708,0.04924623115577889,0.05226130653266332,0.04522613065326633,0.03919597989949749,0.03919597989949749,0.03819095477386935,0.04321608040201005
2.115	0.9775794243224527	0.08040201005025126,0.0964824120603015,0.10552763819095477,0.04522613065326633,0.09447236180904522,0.05628140703517588,0.05025125628140704,0.044221105527638194,0.09748743718592964,0.053266331658291456,0.04522613065326633,0.04924623115577889,0.05628140703517588,0.03819095477386935,0.044221105527638194,0.04321608040201005
2.115	0.975900831218556	0.10552763819095477,0.08542713567839195,0.09949748743718594,0.04321608040201005,0.10251256281407035,0.054271356783919596,0.04623115577889447,0.04020100502512563,0.08542713567839195,0.05728643216080402,0.05728643216080402,0.04321608040201005,0.04020100502512563,0.04623115577889447,0.03919597989949749,0.054271356783919596
2.115	0.9813864049069143	0.10954773869346733,0.09246231155778895,0.08442211055276382,0.05025125628140704,0.0743718592964824,0.05527638190954774,0.05226130653266332,0.04723618090452261,0.09346733668341708,0.04221105527638191,0.04522613065326633,0.04924623115577889,0.061306532663316586,0.03919597989949749,0.04824120603015075,0.05527638190954774
2.115	0.9682002880767293	0.10050251256281408,0.10050251256281408,0.09547738693467336,0.06030150753768844,0.10251256281407035,0.04522613065326633,0.05125628140703518,0.04120603015075377,0.10150753768844221,0.05527638190954774,0.05226130653266332,0.032160804020100506,0.054271356783919596,0.03819095477386935,0.04120603015075377,0.02814070351758794
2.115	0.9753070509010948	0.09346733668341708,0.09246231155778895,0.0964824120603015,0.03919597989949749,0.08341708542713568,0.07939698492462312,0.05728643216080402,0.03819095477386935,0.09246231155778895,0.04321608040201005,0.06633165829145729,0.05628140703517588,0.05226130653266332,0.04321608040201005,0.03819095477386935,0.02814070351758794
2.115	0.9765665747471759	0.08442211055276382,0.09447236180904522,0.10552763819095477,0.044221105527638194,0.09447236180904522,0.06432160804020101,0.044221105527638194,0.04321608040201005,0.09447236180904522,0.05527638190954774,0.054271356783919596,0.04321608040201005,0.05527638190954774,0.033165829145728645,0.04321608040201005,0.04623115577889447
2.115	0.9685666998672505	0.08341708542713568,0.09949748743718594,0.10753768844221105,0.05025125628140704,0.10452261306532663,0.061306532663316586,0.04824120603015075,0.0371859296482412,0.10050251256281408,0.05728643216080402,0.05829145728643216,0.035175879396984924,0.053266331658291456,0.032160804020100506,0.0371859296482412,0.034170854271356785
2.115	0.9731254472657405	0.10251256281407035,0.10050251256281408,0.09849246231155778,0.04924623115577889,0.09447236180904522,0.04723618090452261,0.05226130653266332,0.04321608040201005,0.09949748743718594,0.04723618090452261,0.04321608040201005,0.04623115577889447,0.05226130653266332,0.04221105527638191,0.04321608040201005,0.03819095477386935
2.115	0.9702478437806175	0.09246231155778895,0.09748743718592964,0.11055276381909548,0.04723618090452261,0.09949748743718594,0.05125628140703518,0.04723618090452261,0.04120603015075377,0.09748743718592964,0.06030150753768844,0.04020100502512563,0.04120603015075377,0.05829145728643216,0.031155778894472363,0.04120603015075377,0.04321608040201005
2.115	0.9674605151686101	0.10653266331658291,0.09949748743718594,0.10251256281407035,0.03919597989949749,0.09547738693467336,0.06633165829145729,0.0371859296482412,0.04723618090452261,0.09849246231155778,0.04221105527638191,0.06030150753768844,0.04522613065326633,0.04522613065326633,0.03919597989949749,0.04723618090452261,0.02814070351758794
2.115	0.9532343795348492	0.12160804020100502,0.10552763819095477,0.11256281407035176,0.036180904522613064,0.1035175879396985,0.05628140703517588,0.04321608040201005,0.0371859296482412,0.10653266331658291,0.04321608040201005,0.04723618090452261,0.044221105527638194,0.04623115577889447,0.035175879396984924,0.0371859296482412,0.024120603015075376
2.115	0.9598355763377862	0.12060301507537688,0.09849246231155778,0.10854271356783919,0.04824120603015075,0.10452261306532663,0.04120603015075377,0.05125628140703518,0.0371859296482412,0.09748743718592964,0.0592964824120603,0.0371859296482412,0.04020100502512563,0.05226130653266332,0.036180904522613064,0.0371859296482412,0.03015075376884422
2.115	0.9677385124928245	0.09748743718592964,0.0914572864321608,0.1135678391959799,0.04723618090452261,0.10954773869346733,0.04522613065326633,0.044221105527638194,0.04020100502512563,0.0914572864321608,0.06934673366834171,0.04120603015075377,0.03819095477386935,0.05125628140703518,0.034170854271356785,0.04020100502512563,0.04522613065326633
2.115	0.9615107557695776	0.09045226130653267,0.09748743718592964,0.11457286432160804,0.054271356783919596,0.1035175879396985,0.04824120603015075,0.05125628140703518,0.04120603015075377,0.09748743718592964,0.07135678391959799,0.0371859296482412,0.03819095477386935,0.06633165829145729,0.02613065326633166,0.04120603015075377,0.021105527638190954
2.115	0.9783709068952555	0.09849246231155778,0.0964824120603015,0.09547738693467336,0.04723618090452261,0.08442211055276382,0.05829145728643216,0.054271356783919596,0.04221105527638191,0.0964824120603015,0.04723618090452261,0.04723618090452261,0.04924623115577889,0.05829145728643216,0.03819095477386935,0.04221105527638191,0.044221105527638194
2.115	0.9812411737449802	0.07336683417085427,0.10150753768844221,0.0914572864321608,0.05628140703517588,0.08743718592964825,0.05025125628140704,0.05728643216080402,0.04924623115577889,0.10050251256281408,0.04623115577889447,0.04623115577889447,0.05025125628140704,0.06030150753768844,0.04623115577889447,0.04924623115577889,0.034170854271356785
2.115	0.9729820244278199	0.11155778894472362,0.09949748743718594,0.09346733668341708,0.04924623115577889,0.08743718592964825,0.05628140703517588,0.04824120603015075,0.04321608040201005,0.09949748743718594,0.04321608040201005,0.05025125628140704,0.04221105527638191,0.05527638190954774,0.036180904522613064,0.04321608040201005,0.04120603015075377
2.115	0.9744439654447117	0.0964824120603015,0.0964824120603015,0.1035175879396985,0.04623115577889447,0.09447236180904522,0.053266331658291456,0.04020100502512563,0.05125628140703518,0.0964824120603015,0.05226130653266332,0.044221105527638194,0.04522613065326633,0.054271356783919596,0.0371859296482412,0.05125628140703518,0.0371859296482412
2.115	0.9757021233176342	0.09547738693467336,0.10050251256281408,0.0914572864321608,0.061306532663316586,0.08341708542713568,0.04824120603015075,0.05527638190954774,0.04522613065326633,0.10050251256281408,0.05125628140703518,0.04020100502512563,0.03919597989949749,0.06834170854271357,0.031155778894472363,0.044221105527638194,0.044221105527638194
2.115	0.9886085662108332	0.0864321608040201,0.07738693467336684,0.09346733668341708,0.04723618090452261,0.08944723618090453,0.05226130653266332,0.053266331658291456,0.04723618090452261,0.07738693467336684,0.06331658291457286,0.04824120603015075,0.054271356783919596,0.05125628140703518,0.05025125628140704,0.04723618090452261,0.061306532663316586
2.115	0.9698809795718895	0.09447236180904522,0.0964824120603015,0.10653266331658291,0.04824120603015075,0.10452261306532663,0.05527638190954774,0.04824120603015075,0.03819095477386935,0.09748743718592964,0.05829145728643216,0.05226130653266332,0.03819095477386935,0.05125628140703518,0.035175879396984924,0.03819095477386935,0.0371859296482412
2.115	0.9598485350986258	0.11055276381909548,0.10251256281407035,0.10552763819095477,0.05125628140703518,0.11256281407035176,0.04120603015075377,0.04824120603015075,0.035175879396984924,0.10251256281407035,0.054271356783919596,0.04824120603015075,0.032160804020100506,0.044221105527638194,0.03919597989949749,0.035175879396984924,0.0371859296482412
2.115	0.9620514618140747	0.11457286432160804,0.1035175879396985,0.10251256281407035,0.04723618090452261,0.10452261306532663,0.04824120603015075,0.04321608040201005,0.04321608040201005,0.1035175879396985,0.04522613065326633,0.05025125628140704,0.03919597989949749,0.044221105527638194,0.04120603015075377,0.04221105527638191,0.027135678391959798
2.115	0.9743706444496942	0.09447236180904522,0.09246231155778895,0.10050251256281408,0.04824120603015075,0.10050251256281408,0.05125628140703518,0.04924623115577889,0.04824120603015075,0.09246231155778895,0.05628140703517588,0.05125628140703518,0.04924623115577889,0.04824120603015075,0.04824120603015075,0.04723618090452261,0.022110552763819097
2.115	0.9712219154936924	0.11457286432160804,0.09346733668341708,0.09849246231155778,0.044221105527638194,0.09045226130653267,0.05829145728643216,0.05527638190954774,0.03919597989949749,0.09447236180904522,0.04924623115577889,0.05025125628140704,0.05025125628140704,0.053266331658291456,0.04120603015075377,0.03919597989949749,0.02814070351758794
2.115	0.9625574837245996	0.11658291457286432,0.09547738693467336,0.11155778894472362,0.04120603015075377,0.10150753768844221,0.05628140703517588,0.03919597989949749,0.04120603015075377,0.0964824120603015,0.05728643216080402,0.04623115577889447,0.03919597989949749,0.05125628140703518,0.02914572864321608,0.04120603015075377,0.036180904522613064
2.115	0.9716232113404567	0.08944723618090453,0.09748743718592964,0.1035175879396985,0.05025125628140704,0.10954773869346733,0.044221105527638194,0.04824120603015075,0.04120603015075377,0.09849246231155778,0.05628140703517588,0.05025125628140704,0.03919597989949749,0.04522613065326633,0.04522613065326633,0.04120603015075377,0.04020100502512563
2.115	0.9725786523497283	0.12864321608040202,0.08542713567839195,0.09748743718592964,0.03919597989949749,0.0914572864321608,0.04723618090452261,0.03919597989949749,0.05226130653266332,0.08542713567839195,0.05226130653266332,0.04120603015075377,0.05125628140703518,0.04623115577889447,0.04522613065326633,0.05226130653266332,0.04522613065326633
2.115	0.9754423074255318	0.0914572864321608,0.0964824120603015,0.0964824120603015,0.05728643216080402,0.09748743718592964,0.04522613065326633,0.03819095477386935,0.054271356783919596,0.0964824120603015,0.05728643216080402,0.04623115577889447,0.035175879396984924,0.05628140703517588,0.036180904522613064,0.054271356783919596,0.04120603015075377
2.115	0.9594891280530357	0.11256281407035176,0.1035175879396985,0.1135678391959799,0.034170854271356785,0.10150753768844221,0.05527638190954774,0.04020100502512563,0.03819095477386935,0.1035175879396985,0.044221105527638194,0.04221105527638191,0.044221105527638194,0.04623115577889447,0.031155778894472363,0.0371859296482412,0.05226130653266332
2.115	0.9547523560551889	0.12261306532663317,0.10653266331658291,0.10854271356783919,0.04221105527638191,0.10954773869346733,0.036180904522613064,0.04120603015075377,0.04020100502512563,0.10653266331658291,0.044221105527638194,0.0371859296482412,0.04020100502512563,0.04020100502512563,0.04120603015075377,0.04020100502512563,0.04321608040201005
2.115	0.9621822238445074	0.10150753768844221,0.10552763819095477,0.11055276381909548,0.04623115577889447,0.10150753768844221,0.05125628140703518,0.04924623115577889,0.035175879396984924,0.10552763819095477,0.05125628140703518,0.04221105527638191,0.03819095477386935,0.05527638190954774,0.02914572864321608,0.034170854271356785,0.04321608040201005
2.115	0.986008470724389	0.06934673366834171,0.09547738693467336,0.09045226130653267,0.05125628140703518,0.08743718592964825,0.05829145728643216,0.05125628140703518,0.05025125628140704,0.09547738693467336,0.04623115577889447,0.05527638190954774,0.05025125628140704,0.054271356783919596,0.04723618090452261,0.05025125628140704,0.04723618090452261
2.115	0.9526336835938184	0.13467336683417086,0.09949748743718594,0.10251256281407035,0.05025125628140704,0.11055276381909548,0.04623115577889447,0.0371859296482412,0.0371859296482412,0.09949748743718594,0.053266331658291456,0.054271356783919596,0.024120603015075376,0.04221105527638191,0.033165829145728645,0.03819095477386935,0.0371859296482412
2.115	0.9596825512494437	0.12060301507537688,0.10552763819095477,0.10050251256281408,0.05025125628140704,0.0864321608040201,0.05025125628140704,0.06030150753768844,0.036180904522613064,0.10552763819095477,0.04623115577889447,0.036180904522613064,0.04623115577889447,0.06432160804020101,0.032160804020100506,0.036180904522613064,0.023115577889447236
2.24	0.9538686332607779	0.09346733668341708,0.09246231155778895,0.1306532663316583,0.0371859296482412,0.11557788944723618,0.0592964824120603,0.04623115577889447,0.034170854271356785,0.09246231155778895,0.07537688442211055,0.04321608040201005,0.04321608040201005,0.053266331658291456,0.027135678391959798,0.034170854271356785,0.022110552763819097
2.24	0.9625411548833219	0.08241206030150754,0.0914572864321608,0.12060301507537688,0.04522613065326633,0.10854271356783919,0.06532663316582915,0.05226130653266332,0.033165829145728645,0.0914572864321608,0.0743718592964824,0.053266331658291456,0.04020100502512563,0.05628140703517588,0.02814070351758794,0.033165829145728645,0.024120603015075376
2.24	0.9579564645515831	0.09246231155778895,0.0864321608040201,0.12562814070351758,0.04020100502512563,0.11457286432160804,0.06432160804020101,0.04723618090452261,0.034170854271356785,0.08542713567839195,0.07939698492462312,0.054271356783919596,0.04120603015075377,0.05025125628140704,0.031155778894472363,0.034170854271356785,0.019095477386934675
2.24	0.9380743653559357	0.09748743718592964,0.09547738693467336,0.13366834170854272,0.04120603015075377,0.12562814070351758,0.06532663316582915,0.04120603015075377,0.027135678391959798,0.09547738693467336,0.07939698492462312,0.05829145728643216,0.027135678391959798,0.04824120603015075,0.020100502512562814,0.027135678391959798,0.017085427135678392
2.24	0.9394386456923731	0.10150753768844221,0.09045226130653267,0.13869346733668342,0.027135678391959798,0.12964824120603016,0.06934673366834171,0.034170854271356785,0.02914572864321608,0.09045226130653267,0.07537688442211055,0.06030150753768844,0.036180904522613064,0.0371859296482412,0.02613065326633166,0.02914572864321608,0.02512562814070352
2.24	0.9649368174538253	0.07035175879396985,0.08341708542713568,0.12462311557788945,0.04321608040201005,0.11457286432160804,0.06633165829145729,0.04924623115577889,0.034170854271356785,0.08341708542713568,0.08442211055276382,0.05628140703517588,0.03919597989949749,0.054271356783919596,0.02914572864321608,0.034170854271356785,0.033165829145728645
2.24	0.9440275037698959	0.09246231155778895,0.08442211055276382,0.13668341708542714,0.03919597989949749,0.12562814070351758,0.06633165829145729,0.033165829145728645,0.035175879396984924,0.08542713567839195,0.09045226130653267,0.05527638190954774,0.02914572864321608,0.05025125628140704,0.018090452261306532,0.035175879396984924,0.023115577889447236
2.24	0.9473002315452382	0.09045226130653267,0.0814070351758794,0.135678391959799,0.04120603015075377,0.12763819095477386,0.061306532663316586,0.04221105527638191,0.031155778894472363,0.0814070351758794,0.09447236180904522,0.054271356783919596,0.032160804020100506,0.04824120603015075,0.02512562814070352,0.031155778894472363,0.022110552763819097
2.24	0.9535946496775026	0.09346733668341708,0.0864321608040201,0.12663316582914572,0.03819095477386935,0.12060301507537688,0.07035175879396985,0.03919597989949749,0.031155778894472363,0.0864321608040201,0.07839195979899498,0.06432160804020101,0.032160804020100506,0.044221105527638194,0.02613065326633166,0.031155778894472363,0.031155778894472363
2.24	0.9453064765306022	0.09045226130653267,0.08442211055276382,0.13668341708542714,0.0371859296482412,0.12663316582914572,0.06834170854271357,0.031155778894472363,0.034170854271356785,0.08341708542713568,0.08944723618090453,0.05829145728643216,0.02814070351758794,0.04723618090452261,0.018090452261306532,0.034170854271356785,0.032160804020100506
2.24	0.932266216914629	0.10954773869346733,0.09246231155778895,0.13768844221105528,0.031155778894472363,0.13165829145728644,0.06834170854271357,0.0371859296482412,0.024120603015075376,0.09246231155778895,0.0763819095477387,0.062311557788944726,0.03015075376884422,0.0371859296482412,0.023115577889447236,0.024120603015075376,0.022110552763819097
2.24	0.9458653711793007	0.09949748743718594,0.09045226130653267,0.13165829145728644,0.031155778894472363,0.12361809045226131,0.07236180904522613,0.032160804020100506,0.031155778894472363,0.0914572864321608,0.07236180904522613,0.06432160804020101,0.032160804020100506,0.04020100502512563,0.024120603015075376,0.032160804020100506,0.031155778894472363
2.24	0.93547885595072	0.07236180904522613,0.08944723618090453,0.14472361809045226,0.035175879396984924,0.13668341708542714,0.06733668341708543,0.04221105527638191,0.02814070351758794,0.08944723618090453,0.09045226130653267,0.0592964824120603,0.035175879396984924,0.04321608040201005,0.027135678391959798,0.02814070351758794,0.011055276381909548
2.24	0.931784910525326	0.10150753768844221,0.08844221105527639,0.1407035175879397,0.0371859296482412,0.13366834170854272,0.062311557788944726,0.04221105527638191,0.02512562814070352,0.08844221105527639,0.08944723618090453,0.05527638190954774,0.03015075376884422,0.044221105527638194,0.023115577889447236,0.02512562814070352,0.01306532663316583
2.24	0.9608952050769412	0.08542713567839195,0.08743718592964825,0.1185929648241206,0.04924623115577889,0.12261306532663317,0.05628140703517588,0.04020100502512563,0.036180904522613064,0.08743718592964825,0.08040201005025126,0.06030150753768844,0.027135678391959798,0.04522613065326633,0.031155778894472363,0.036180904522613064,0.036180904522613064
